[[32181   207   221     0   883   536]
 [  325 12793    41     0     0     0]
 [   31    15 12753     0     0     0]
 [    2     0     0 13015     0     0]
 [    0     0     0     0 12132     0]
 [    0     0     0     0     0 12479]]

[[32181    21     5     0     1     1]
 [  325  1228     1     0     0     0]
 [   31     3   282     0     0     0]
 [    2     0     0    78     0     0]
 [    0     0     0     0    14     0]
 [    0     0     0     0     0    23]]

score cv : 98.0535584778%

error cv : 1.94644152222%

grid scores : 
	mean: 0.98054, std: 0.00248, params: {'batch_size': 100}

                        precision    recall  f1-score   support

      0 - 500 habs/km²      0.999     0.989     0.994     32539
   500 - 2000 habs/km²      0.790     0.981     0.875      1252
  2000 - 5000 habs/km²      0.892     0.979     0.934       288
 5000 - 10000 habs/km²      0.975     1.000     0.987        78
10000 - 13000 habs/km²      1.000     0.933     0.966        15
      > 13000 habs/km²      1.000     0.958     0.979        24

           avg / total      0.991     0.989     0.989     34196
