[[32539     0     0     0     0     0]
 [    0  1252     0     0     0     0]
 [    0     0   288     0     0     0]
 [    0     0     0    78     0     0]
 [    0     0     0     0    15     0]
 [    0     0     0     0     0    26]]

error cv : 4.64354640622%

                        precision    recall  f1-score   support

      0 - 500 habs/km²      1.000     1.000     1.000     32539
   500 - 2000 habs/km²      1.000     1.000     1.000      1252
  2000 - 5000 habs/km²      1.000     1.000     1.000       288
 5000 - 10000 habs/km²      1.000     1.000     1.000        78
10000 - 13000 habs/km²      1.000     1.000     1.000        15
      > 13000 habs/km²      1.000     1.000     1.000        26

           avg / total      1.000     1.000     1.000     34198
