[[32529    83    12     0     0     0]
 [    8  1168     4     2     0     2]
 [    2     1   268     0     0     0]
 [    0     0     2    76     0     0]
 [    0     0     0     0    15     0]
 [    0     0     2     0     0    24]]

error cv : 0.043820662768

                        precision    recall  f1-score   support

      0 - 500 habs/km²      0.997     1.000     0.998     32539
   500 - 2000 habs/km²      0.986     0.933     0.959      1252
  2000 - 5000 habs/km²      0.989     0.931     0.959       288
 5000 - 10000 habs/km²      0.974     0.974     0.974        78
10000 - 13000 habs/km²      1.000     1.000     1.000        15
      > 13000 habs/km²      0.923     0.923     0.923        26

           avg / total      0.997     0.997     0.997     34198
