[[32528  1080   210    41     5     8]
 [    7   168    38    19     5     1]
 [    2     2    37    11     3     1]
 [    0     1     0     7     1     1]
 [    0     0     0     0     0     0]
 [    2     1     3     0     1    15]]

error cv : 0.0481481481481

                        precision    recall  f1-score   support

      0 - 500 habs/km²      0.960     1.000     0.980     32539
   500 - 2000 habs/km²      0.706     0.134     0.226      1252
  2000 - 5000 habs/km²      0.661     0.128     0.215       288
 5000 - 10000 habs/km²      0.700     0.090     0.159        78
10000 - 13000 habs/km²      0.000     0.000     0.000        15
      > 13000 habs/km²      0.682     0.577     0.625        26

           avg / total      0.947     0.958     0.943     34198
